014427
014428
014434
014435
014436
014437
014438
014439
014440
014441
014442
014443
014444
014445
014446
014447
014448
014449
014450
014451
014452
014453
014454
014455
014456
014457
014458
014459
014460
014461
014462
014463
014464
014465
014466
014467
014468
014469
014470
015483
015484
015485
015486
015487
015488
015489
015490
015491
015492
015493
015494
015495
015496
015497
015498
015499
015500
015501
015502
015528
015529
015530
015531
015532
015533
015534
015535
015536
015537
015538
015539
015540
015541
015542
015543
015544
015545
015549
015550
015551
015552
015553
015554
015555
015556
015557
015558
015559
015560
015561
015562
015563
015564
015565
015566
015567
015568
015569
015570
015571
015572
015573
015574
015575
015576
015577
015578
015579
015580
015586
015587
015588
015589
015590
015591
015592
015593
015595
015596
015597
015598
015599
015600
015601
015602
015603
015604
015605
015606
015607
015608
015609
015610
015611
015612
015613
015614
015615
015616
015617
015618
015619
015620
015621
015622
015623
015624
015625
015626
015634
015635
015636
015637
015638
015639
015640
015641
015642
015643
015644
015645
015646
015647
015648
015649
015650
015651
015652
015653
015654
015655
015656
015657
015658
015659
015660
015661
015662
015663
015664
015665
015666
015667
015668
015669
015670
015671
015672
015673
015674
015685
015686
015687
015688
015689
015690
015691
015692
015693
015694
015695
015696
015697
015698
015699
015700
015701
015702
015703
015704
015705
015706
015707
015708
015709
015710
015711
015712
015713
015714
015715
015716
015717
015718
015719
015720
015721
015722
015723
015724
015725
015726
015727
015728
015729
015730
015731
015732
015733
015734
015735
015736
015737
015738
015739
015740
015741
015742
015743
015744
015745
015746
015747
015748
015749
015750
015751
015752
015753
015754
015755
015756
015757
015758
015759
015760
015761
015762
015763
015764
015765
015766
015767
015768
015769
015770
015771
015772
015773
015774
015775
015776
015777
015778
015779
015780
015781
015782
015783
015784
015785
015786
015787
015788
015797
015798
015799
015800
015801
015802
015803
015804
015805
015806
015807
015808
015809
015810
015811
015812
015813
015814
015815
015816
015817
015818
015819
015820
015821
015822
015823
015835
015836
015837
015838
015839
015840
015841
015842
015843
015844
015845
015846
015847
015848
015849
015850
015851
015852
015853
015854
015855
015856
015857
015858
015859
015860
015861
015862
015863
015864
015865
015866
015867
015868
015869
015870
015871
015872
015873
015874
015875
015876
015877
015878
015879
015880
015885
015886
015887
015888
015889
015890
015891
015892
015893
015894
015895
015896
015897
015898
015899
015900
015901
015902
015903
015904
015905
015906
015907
015908
015909
015910
015911
015912
015913
015914
015923
015924
015925
015926
015927
015928
015929
015930
015931
015932
015933
015934
015935
015936
015937
015938
015939
015940
015948
015949
015950
015951
015952
015953
015954
015955
015956
015957
015958
015959
015960
015964
015965
015966
015967
015968
015969
015970
015971
015972
015973
015974
015975
015976
015977
015978
015979
015980
015987
015988
015989
015990
015991
015992
015993
015994
015995
015996
015997
015998
015999
016000
016001
016002
016003
016004
016005
016006
016007
016008
016009
016010
016011
016012
016013
016014
016015
016016
016017
016018
016019
016020
016021
016022
016023
016024
016025
016028
016029
016030
016031
016032
016033
016034
016035
016036
016037
016038
016039
016040
016041
016042
016043
016044
016045
016046
016047
016048
016049
016050
016051
016052
016053
016054
016055
016056
016057
016058
016059
016060
016061
016062
016063
016064
016065
016066
016067
016068
016069
016070
016071
016072
016073
016074
016075
016076
016077
016078
016079
016080
016081
016082
016083
016088
016089
016090
016091
016092
016093
016094
016095
016096
016097
016098
016099
016100
016101
016102
016103
016104
016105
016106
016107
016108
016109
016110
016111
016112
016113
016114
016115
016116
016117
016118
016119
016120
016121
016122
016123
016124
016125
016126
016127
016128
016129
016130
016131
016132
016133
016134
016135
016136
016137
016138
016139
016140
016141
016142
016143
016144
016145
016146
016147
016151
016152
016153
016154
016155
016156
016157
016158
016159
016160
016161
016162
016163
016164
016165
016166
016167
016168
016169
016170
016171
016172
016173
016174
016175
016176
016177
016178
016179
016180
016181
016182
016183
016184
016185
016186
016192
016193
016194
016195
016196
016197
016198
016199
016200
016201
016202
016203
016204
016205
016206
016207
016208
016209
016210
016211
016212
016213
016214
016215
016216
016217
016218
016219
016220
016232
016233
016234
016235
016236
016237
016238
016239
016240
016241
016242
016243
016244
016245
016246
016247
016248
016249
016250
016251
016252
016253
016254
016255
016256
016257
016258
016259
016260
016261
016262
016263
016264
016265
016266
016267
016268
016269
016270
016271
016272
016273
016274
016275
016276
016277
016278
016279
016280
016281
016282
016283
016284
016295
016296
016297
016298
016299
016300
016301
016302
016303
016304
016305
016363
016364
016365
016366
016367
016368
016369
016370
016371
016372
016373
016374
016375
016376
016377
016378
016379
016380
016381
016382
016383
016384
016385
016386
016387
016388
016389
016390
016391
016392
016393
016394
016395
016396
016397
016398
016399
016400
016401
016402
016403
016404
016405
016406
016407
016408
016409
016410
016411
016412
016413
016414
016415
016416
016417
016418
016419
016420
016421
016422
016423
016424
016425
016426
016427
016428
016429
016430
016431
016432
016433
016434
016435
016436
016437
016438
016439
016440
016441
016442
016443
016444
016445
016446
016447
016448
016449
016450
016451
016452
016453
016454
016457
016458
016459
016460
016461
016462
016463
016464
016465
016466
016467
016468
016469
016470
016471
016472
016473
016474
016475
016476
016477
016478
016479
016480
016481
016482
016483
016484
016485
016486
016487
016488
016489
016490
016491
016504
016505
016506
016507
016508
016509
016510
016511
016512
016513
016514
016515
016516
016517
016518
016519
016520
016521
016522
016523
016524
016525
016526
016527
016528
016529
016530
016531
016532
016533
016534
016535
016536
016537
016538
016539
016540
016541
016542
016543
016544
016545
016546
016547
016548
016549
016550
016551
016552
016553
016554
016555
016556
016557
016558
016559
016560
016561
016562
016563
016564
016565
016566
016567
016568
016569
016570
016571
016572
016573
016574
016575
016576
016577
016578
016579
016580
016581
016582
016583
016584
016585
016586
016641
016642
016643
016644
016645
016646
016647
016648
016649
016650
016651
016652
016653
016654
016655
016656
016657
016658
016659
016660
016661
016662
016663
016664
016665
016666
016667
016668
016669
016670
016671
016672
016673
016674
016675
016679
016680
016681
016682
016683
016684
016685
016686
016687
016688
016689
016690
016699
016700
016701
016702
016703
016704
016705
016706
016707
016708
016709
016710
016711
016712
016713
016714
016715
016716
016717
016718
016719
016720
016721
016722
016723
016724
016725
016726
016727
016728
016729
016730
016731
016732
016733
016734
016735
016736
016737
016738
016739
016740
016741
016742
016743
016744
016745
016746
016747
016748
016749
016750
016751
016752
016753
016754
016755
016756
016757
016758
016759
016760
016761
016762
016763
016764
016765
016766
016767
016768
016769
016770
016771
016772
016773
016774
016779
016780
016781
016782
016783
016784
016785
016786
016787
016788
016789
016790
016791
016792
016793
016794
016795
016796
016797
016798
016799
016800
016801
016802
016803
016804
016805
016806
016807
016808
016809
016810
016811
016812
016813
016814
016815
016816
016817
016818
016819
016820
016821
016822
016823
016824
016825
016826
016827
016828
016829
016830
016831
016832
016833
016834
016835
016836
016837
016838
016839
016840
016841
016842
016843
016844
016845
016846
016847
016848
016849
016850
016851
016852
016853
016854
016855
016856
016857
016858
016859
016860
016861
016862
016863
016864
016865
016866
016867
016868
016869
016870
016871
016872
016873
016874
016875
016876
016877
016878
016879
016880
016881
016882
016883
016884
016885
016886
016887
016888
016889
016890
016891
016892
016893
016894
016895
016896
016897
016898
016899
016900
016901
016902
016903
016904
016912
016913
016914
016915
016916
016917
016918
016919
016920
016921
016922
016923
016924
016925
016926
016927
016928
016929
016930
016931
016932
016933
016934
016935
016942
016943
016944
016945
016946
016947
016948
016949
016950
016951
016952
016953
016954
016955
016956
016957
016958
016959
016960
016961
016962
016979
016980
016981
016982
016983
016984
016985
016986
016987
016988
016989
016990
016991
016992
016993
016994
016995
016996
016997
016998
016999
017000
017001
017002
017003
017004
017005
017006
017007
017008
017009
017010
017011
017012
017013
017014
