24 27
25 26
26 25
27 24
28 23
29 22
30 5
31 4
32 3
33 2
34 1
35 0
36 21
37 20
38 19
39 18
40 17
41 16
42 43
43 42
44 41
45 40
46 39
47 38
0 28
1 29
2 30
3 31
4 32
5 33
6 34
7 35
8 36
9 37
10 15
11 14
12 13
13 12
14 11
15 10
16 9
17 8
18 7
19 6
20 93
21 94
22 95
23 96
48 67
49 68
50 69
51 70
52 71
53 72
54 73
55 74
56 75
57 76
58 77
59 78
60 79
61 80
62 81
63 82
88 83
89 84
90 85
91 86
92 87
93 88
94 89
95 90
96 91
97 92
87 56
86 55
85 54
84 53
83 52
82 51
81 50
79 49
78 48
77 47
76 46
75 45
74 44
73 57
72 58
71 59
70 60
69 61
68 62
67 63
66 64
65 65
64 66
